123		234		345		456		567		678		789
1123	1231	1232	1233	1234	1235	1236	1237	1238	1239	1345	1456	1567	1678	1789
2123	2234	2341	2342	2343	2344	2345	2346	2347	2348	2349	2456	2567	2678	2789
3123	3234	3345	3451	3452	3453	3454	3455	3456	3457	3458	3459	3567 	3678	3789


11123	11231	11232	11233	11234	11235	11236	11237	11238	11239	11345	11456	11567	11678	11789
12123	12311-99 																		12456	12567	12678	12789	
13123	13234	13345	13451	13452	13453	13454	13455	13456	13457	13458	13459	13567	13678	13789
14
15
16
17
18123	18234	18345	18456	18567	18678	18789
19123	19234	19345	19456	19567	19678	19789	
21

111123